3.696680490141952546e+00,8.386852029429712196e-01
3.899399708647068863e+00,9.493275923299123731e-01
3.597031872394604424e+00,8.227474632376224895e-01
3.415016082688545396e+00,7.919056138019857638e-01
3.633473361743714936e+00,8.487388732193480445e-01
3.547449036587241089e+00,7.906764092858061810e-01
3.510024301576412764e+00,8.091002500802803032e-01
3.575098232402120768e+00,8.340349900257522098e-01
3.434540607353358421e+00,7.732561913561212252e-01
3.555533168203341532e+00,8.321237510903785051e-01
