1.010328734010948359e+00,5.123834532321717150e-01
1.108523495105796508e+00,5.758218822037016738e-01
1.070936245343073967e+00,5.550645675808262292e-01
1.116904401444771766e+00,5.811894765165281918e-01
1.056426214106238159e+00,5.362155621622824997e-01
1.116118579515436471e+00,5.921859603446184561e-01
1.106315532284393388e+00,5.640555597445617853e-01
1.100909723498832093e+00,5.697853862266917258e-01
1.047867529864471070e+00,5.406578857145961647e-01
1.102402811182213949e+00,5.571113272338557021e-01
