1.055201735993864132e+00,3.891689573239401345e-01
1.162728769026684539e+00,4.507067617717573915e-01
1.134533433069655040e+00,4.429197274900009695e-01
1.180721725167793057e+00,4.864516540822853563e-01
1.090944779829722044e+00,4.176606330041263138e-01
1.143250574179050627e+00,4.306472964089382849e-01
1.159882903095504458e+00,4.585548313341450966e-01
1.156072789415037105e+00,4.533195782025366549e-01
1.109852913523904805e+00,4.227693955637822909e-01
1.170574134065177629e+00,4.589574912565874687e-01
