3.947205728669755054e+00,1.574589348239119335e+00
4.078351424741637032e+00,1.642286266505226688e+00
3.826083104802261659e+00,1.530934850206643993e+00
3.579909059438773244e+00,1.433170497337152849e+00
3.849572748029733482e+00,1.531778123996846652e+00
3.761093702885338175e+00,1.459036947022040787e+00
3.692411043654146408e+00,1.469554753127893187e+00
3.704597854406496360e+00,1.506197236754348578e+00
3.648714208284440375e+00,1.420637125369609732e+00
3.700165150025832350e+00,1.464652009306673053e+00
