3.803798766401196740e+00,9.676254690223414778e-01
3.978325082653447087e+00,1.058407530697335286e+00
3.700934148114238820e+00,9.729698356696815376e-01
3.541817828612243702e+00,9.654822209543271194e-01
3.735436052175022947e+00,9.821070404236719176e-01
3.645899630476381770e+00,9.372713561010607153e-01
3.647484034312864942e+00,9.680066996519139932e-01
3.680502986204782001e+00,9.843811983739162441e-01
3.551509458264186847e+00,9.139758088464221553e-01
3.650332750137638360e+00,9.668460037400955498e-01
