1.026020123000592976e+00,3.297806592134351344e-01
1.130592328618592379e+00,3.869210480694036391e-01
1.085469602854728155e+00,3.653042731430204970e-01
1.123882333551200263e+00,3.892597336768706673e-01
1.059295842927509002e+00,3.570165315546750540e-01
1.102582871422012056e+00,3.637557690982664571e-01
1.122902484058143413e+00,3.893802603616707270e-01
1.113946081547816380e+00,3.898453471866331621e-01
1.068863524940720344e+00,3.606947696713603824e-01
1.128473908503837553e+00,3.899069789955088572e-01
